D:\Program Files\nvm4w\nodejs\node.exe --experimental-network-inspection .\test.js
3 94629484 94629487 405610355 1984 405608627 500238114 -49936152 0 3 862270744 812334592 767179042
45667596 -1249955252 -1211635904 497809810 1906973072 1812062210 600426306 -785301536 1 2 1461363097 676061561 193078843
107436302 -1532714292 -1564214334 86320406 -827187872 -879282058 -2443496392 357030848 2 1 -857005610 -499974762 -1939224146
63851698 0 63851698 0 -1667668976 -1667668976 -1603817278 1013904243 3 0 2043254337 3057158580 375339382
33309457 0 33309457 0 -125427056 -125427056 -92117599 1013904243 0 3 216880973 1230785216 -1277284511
94302587 4 94302591 0 1038284304 1038284304 1132586895 1013904242 1 2 -1277284511 -263380269 -1278425764
94266922 744 94266562 23 1020024256 1020024279 1114290841 1013904329 2 1 -1278425764 -264521435 -1303313476
93489181 108 93489265 3 621820880 621820883 715310148 1013904232 3 0 -1303313475 -289409243 -1004719263
102820256 -1415963732 -1380257268 89968861 1104363952 1150259565 -229997703 378041752 0 3 -143130241 234911511 -62196626
132274084 -1338920244 -1210849944 360811926 -995145584 -785464058 -1996314002 -1872584768 1 2 -62196599 -1934781367 95370791
25472552 -454769456 -446665992 120006182 157045024 242972422 -203693570 89637447 2 1 815121682 904759129 -969513305
59905690 -590818940 -547698914 115754636 606942624 583758636 36059722 190629650 3 0 1916982106 2107611756 2142871590
96966282 -1865575208 -1794506158 210136230 -1892870752 -2085914362 -3880420520 1482528325 0 3 -1952979906 -470451581 -79691301
26448305 -1595820568 -1586355111 218566063 656630720 707030639 -879324472 1414962697 1 2 846345788 2261308485 1298024077
93097310 -438712916 -531281678 254725677 421182512 372535837 -158745841 1159234072 2 1 -1315853373 -156619301 2332372
54714402 -978201136 -957139470 237866670 -2050997024 -1947350450 -2904489920 1292011015 3 0 1750860878 3042871893 -406877675
50966492 -1580080716 -1562882456 219057933 325040128 508638989 -1054243467 1411025694 0 3 1381027556 2792053250 1732435831
113605287 -911624828 -814952669 239947180 -1963635024 -2068315364 -2883268033 1308925458 1 2 -659598101 649327357 1922506946
114842825 -1784832616 -1824145071 212659436 -1330015504 -1139442148 -2963587219 1493799957 2 1 -619996881 873803076 2068714025
124634108 -979778076 -1024195048 103599663 -611845984 -575981937 -1600176985 218661386 3 0 -306675830 -88014444 1516125491
100543780 -1060315760 -986517324 101082860 -61191792 -94621828 -1081139152 207471639 0 3 -1935633923 -1728162284 661747236
46579516 -859782976 -838434820 107349510 -1921091120 -1961328682 -2799763502 257868611 1 2 1490544541 1748413152 824726834
51043428 -589512508 -539616096 115795462 364431712 324939622 -214676474 190432066 2 1 1633389718 1823821784 -1618934818
110463392 -1579145000 -1485463176 219087174 722682080 639386022 -846077154 1410791749 3 0 -760138738 650653011 -346436019
18122739 -1916750388 -1932250561 208537006 688908256 627171918 -1305078643 1595858432 0 3 301320986 1897179418 -1021133417
22861374 -1986667340 -2000090486 206352101 -1179878192 -1243557323 -3243647809 1577813086 1 2 731563981 2309377067 -1223716716
13893104 -1276927996 -1288675852 362749184 -1476665232 -1302004368 -2590680220 -1869210766 2 1 444579335 -1424631431 -830438883
25636810 -551182952 -559762862 385428716 241144992 413579340 -146183522 -1951951851 3 0 820377930 -1131573921 1271195585
130412158 494766596 448291962 15461456 -1948451808 -1959325584 -1511033622 993104370 0 3 -874972506 118131864 -1561986958
47545086 1444146448 1422301166 45129576 -1426719360 -1471847704 -49546538 703203383 1 2 1521442776 2224646159 2039648985
67604394 496 67604058 15 253711776 253711791 321315849 1013904143 2 1 -2131626662 -1117722519 -1371141024
102651965 1550485092 1517608537 182670387 1018198592 911421043 2429029580 1802785514 3 0 -1010104412 792681102 -1074309566
100645557 866944856 911425005 429745210 -9081888 -420999206 490425799 -1271478480 0 2 -627939361 -1899417841 -1812831544
123234339 -416917244 -528600793 255406792 -1328527856 -1075219240 -1603820033 18116775 1 3 -664260347 -646143572 2031813715
36712753 -31356764 -65947243 133237829 1617060496 1737715413 1671768170 1196786895 2 0 1174808105 2371595000 -285310318
54935750 -814170748 -868287166 377210348 -1937666768 -1694873380 -2563160546 -888944249 3 1 1757944019 868999770 1425187908
77846579 -818735760 -879702717 377067691 1202742992 1372192379 492489662 -888069190 0 2 -249678068 -1137747258 -1586130568
44736006 -918286604 -873557774 373956727 1429998992 1131818471 258260697 -896735909 1 3 1714877885 818141976 1067935169
127639896 276090988 401568052 411281027 927117776 801183571 1202751623 -1128213763 2 0 -210490595 -1338704358 -142313827
89041874 -248786396 -194676234 529096337 -1655200352 -2099315919 -2293992153 -2070474129 3 1 -1445627302 -3516101431 1495857646
15348080 -1034480568 -1027791560 101890210 -731717488 -764389326 -1792180886 1212687348 0 2 2015567720 3228255068 1430666806
42764693 -922006168 -880294659 239622763 420686832 391868827 -488425832 178206140 1 3 1660159963 1838366103 -1888482545
100675201 -473217688 -439653399 387865131 6095376 390289467 -49363932 -1070647364 2 0 -1073360863 -2144008227 2101068793
125564090 -909584144 -827118518 105793223 -135695056 -240700425 -1067818943 1253036250 3 1 -276916397 976119853 -93058964
94058190 -968446196 -1008887358 372389240 913153120 543140120 -465747238 -917746395 0 2 -704386905 -1622133300 2070771478
91159914 -1586491080 -1541477294 218857609 -570764000 -789490263 -2330967557 276947624 1 3 -1631938506 -1354990882 -634635483
73264951 -2066223616 -2138439369 203865968 -1143050624 -1208430096 -3346869465 434642278 2 0 -1950488856 -1515846578 -1658529943
2885341 1656574892 1653691761 454421149 1477294960 1125667309 2779359070 -1603096051 3 1 92330935 -1510765116 5909146
51151152 1814979772 1864557964 459371301 419586464 40047237 1904605201 -1546223671 0 2 83171195 -1463052476 -649171115
93318690 -1226703320 -1284632566 498536433 534529024 40586225 -1244046341 -1788503700 1 3 -2103906012 -3892409712 -1574448789
65641300 -15297948 -50394832 402175123 -751392352 -993125069 -1043519901 -954711425 2 0 2100521626 1145810201 -2054780038
60422232 1667210868 1623615020 186318067 871411776 954879155 2578494175 537526651 3 1 1933511428 2471038079 184139424
106298137 -2056375720 -2093233855 204173714 -1409928304 -1478671870 -3571905725 428239472 0 2 -1344646568 -916407096 -495339637
31100153 1254412344 1260281025 441853569 -1256590720 -1353722879 -93441854 -1435708696 1 3 137669196 -1298039500 1221545462
89216724 -1975256584 -1894600916 72490959 -1565677376 -1493190897 -3387791813 1515002008 2 0 -1440032116 74969892 845518111
2668105 -1368711372 -1371297411 91445497 1366069968 1411369513 40072102 1397170475 3 1 85379373 1482549848 1514052094
65436867 1778317340 1779991775 55572416 -856062016 -810127360 969864415 1654806753 0 2 430614813 2085421566 1166275873
59307495 -1013455576 -1071705905 102547241 300666592 402092489 -669613416 1211637676 1 3 1115392394 2327030070 1386556334
57222989 -487112952 -509732795 521648632 -766600368 -849796440 -1359529235 -2141181660 2 0 1831135669 -310045991 1131554868
60997899 1790803808 1763688043 190180347 1166153696 1322777627 3086465670 577943870 3 1 1951932798 2529876668 557670458
13621631 63427944 50859031 270417579 -1615659072 -1884503701 -1833644670 -131329092 0 2 2090737309 1959408217 -427884581
34173693 254549648 220556397 410607860 317061936 178035652 398592049 -1156128446 1 3 1917545175 761416729 983581736
98341324 -2270472 -100545740 402582231 -1188849632 -1361218825 -1461764565 -953503656 2 0 -1148044926 -2101548582 711186417
124876540 -1405873788 -1421514888 492937356 -487720624 -7579172 -1429094060 -1815027065 3 1 -298917995 -2113945060 724435784
123284176 404265124 524399220 146851013 -1303011232 -1164614491 -640215271 -213189520 0 1 -649840331 -863029851 358097596
207160 -1558158516 -1557968268 219743002 106066384 189493962 -1368474306 -578502006 1 0 1694504572 1116002566 -320183240
26707027 1374427572 1350278631 311386317 789095952 1032308445 2382587076 557308980 2 3 26590981 583899961 -1395720195
11319494 1431241572 1440988066 178944027 1500613888 1406924059 2847912125 -534832512 3 2 362223824 -172608688 1544127469
126100562 -841962380 -900429786 510559587 138978720 371597507 -528832279 1178136900 0 1 -1025119895 153017005 -379293116
32883096 -1487541912 -1499453200 356167499 -343723568 -21389669 -1520842869 479830019 1 0 1541210748 2021040767 -584096268
109386888 1964554276 1939711148 61392321 171512080 160552145 2100263293 -1475677104 2 3 -473521035 -1949198139 -151068232
84320992 1178913532 1128425500 171058775 222675232 125298551 1253724051 -455218970 3 2 -1596695534 -2051914504 -821556373
123892171 1523844 125120847 402700804 -991717568 -589091516 -463970669 1967721080 0 1 -567322041 1400399039 -1222624724
4557671 -1107665588 -1111501269 502256362 -1961439568 -1762059174 -2873560443 1513245962 1 0 1842634122 3355880084 -1665247215
48636225 -845453544 -813873575 376232760 -868056288 -634497000 -1448370575 103416735 2 3 1872829782 1976246517 -597639548
106887854 -1216432824 -1323282458 364639658 -1107993232 -1471239974 -2794522432 412317451 3 2 -874555945 -462238494 -1122225118
58988655 787979168 762545103 293059805 137420416 424108637 1186653740 1055997105 0 1 1122135771 2178132876 -949400160
61491159 369323740 363407627 11541366 1418702624 1413461078 1776868705 -1328807442 1 0 271436691 -1057370751 -1458499360
27686846 -2042587032 -2014908458 204604611 1290763392 1088256067 -926652391 -723715005 2 3 128697004 -595018001 340580086
13528469 -940109568 -952533867 373274760 -1663358256 -1964731816 -2917265683 78716441 3 2 432911021 511627462 1281416747
91195426 -187848088 -241032630 262565203 -552582064 -793368317 -1034400947 -931155773 0 1 -1617926282 -2549082055 -1438100620
48378045 -855888880 -836887379 241688928 -1000244416 -905536992 -1742424371 -965488291 1 0 958605013 -6883278 1739738879
120008140 721259748 769302824 425192551 1314625936 1460434423 2229737247 2146679136 2 3 -679441155 1467237981 -745320126
37130978 -314147680 -277811646 124400613 1831191648 1783625605 1505813959 -1910684303 3 2 1188191302 -722493001 -1926282128
46101821 -1465161168 -1441521907 356866897 2129296016 1806639553 365117646 526778581 0 1 1703920794 2230699375 -1858697823
107233574 341517492 306144658 10672421 -930984816 -937388619 -631243961 -1336274060 1 0 -1444080216 -2780354276 -2145856933
22158695 -214015504 -227771241 261747471 -1539649936 -1415365249 -1643136490 -914144731 2 3 421960067 -492184664 2091278782
68020567 -998575176 -1065936145 237229981 466792112 368146733 -697789412 -1001232713 3 2 -2118309141 -3119541854 -1872296514
6927601 -1265391916 -1258679771 228891958 -748035168 -556958058 -1815637829 -664259604 0 1 1062731017 398471413 -2079874994
128529129 -782203400 -691423471 243991599 1382405056 1559156719 867733248 -1055589593 1 0 -1874629539 -2930219132 1658906756
109063825 1743568880 1634505057 54486527 6103952 56772207 1691277264 -1397230171 2 3 -480188579 -1877418750 -187299118
55144802 79265484 133173166 136694774 -1830632192 -1698230538 -1565057372 -194869782 3 2 1764633680 1569763898 -14177122
13178596 -297212408 -293474068 393365296 -1842493024 -2057335152 -2350809220 249488347 0 1 725860265 975348612 1237572856
72847845 -1195671980 -1125322831 499506162 -1356608848 -1293545150 -2418867981 1533150668 1 0 -275313206 1257837462 623514469
117826151 -1399494632 -1416590721 493136704 197447280 379610416 -1036980305 1583972447 2 3 -740722301 843250146 -260958643
116721583 26516596 123837403 828643 -368091616 -368837949 -245000546 -1255539388 3 2 -559876638 -1815416026 1655662008
40805885 -876467836 -911438727 106828108 -582222880 -619320660 -1530759387 -1018476627 0 0 1977649627 959173000 -1645631827
82998894 1448895296 1387140398 45277978 -454239072 -430030918 957109480 -466823908 1 1 -1406161159 -1872985067 -1454321411
115477210 -1038997144 -990895182 504402251 -1005210144 -637197141 -1628092323 20924310 2 2 -1188795841 -1167871531 613874056
30503058 -85930892 -80626458 131532387 -1562303104 -1523178525 -1603804983 -821821743 3 3 155920188 -665901555 2015938244
54880904 1116619844 1103834828 437547554 -1965747744 -1866374206 -762539378 555244765 0 0 1352230779 1907475544 -1556261162
118467663 -2091814840 -2074158073 337283970 525901616 188880050 -1885278023 1366266334 1 1 -745215296 621051038 -1432056793
64635113 -1321671216 -1293769415 495568686 -1266560128 -1459088210 -2752857625 502658232 2 2 506276953 1008935185 1741265142
4517800 583381932 578903044 18230685 -1981853568 -2000061155 -1421158111 -116743897 3 3 1006157932 889414035 -1639335758
72662929 1930469576 2000953177 194544902 -1451285920 -1561876634 439076543 -1384126978 0 0 -1297890237 -2682017215 2047372542
68538063 796743516 728275347 427551418 731750032 853963818 1582239165 979671067 1 1 -1327973670 -348302603 -1250795704
9548859 -1039386720 -1029864549 235954621 594048928 762844701 -267019848 -2126987228 2 2 2001974811 -125012417 144306055
111397418 -719066168 -746577438 245964638 1200903648 1228753598 482176160 -2064435394 3 3 -417566662 -2482002056 1890765784
118075086 -751050976 -734891538 110747385 324901888 365183737 -369707801 -982173180 0 0 -654184539 -1636357719 2004983118
124146882 1731644084 1615896182 54113877 -861305856 -812633515 803262667 -394887327 1 1 -559154317 -954041644 -389895649
15502607 -1211887340 -1222075365 364781704 -652599696 -861651208 -2083726573 1548405129 2 2 2029293702 3577698831 1458798876
59115934 1897422544 1922979662 193512182 202587280 127663718 2050643380 -1375872392 3 3 1134823085 -241049307 -1952729967
30172614 -1818827164 -1839561822 480032563 -1731490464 -2074658221 -3914220043 358511701 0 0 28872371 387384072 27705085
49243829 457797912 430315437 148523912 -556963056 -703127400 -272811963 -1217818230 1 1 1871558018 653739788 -917864631
91324871 1606065828 1523261283 184407285 -486306272 -369206571 1154054712 -1504351643 2 2 -883619453 -2387971096 895683024
65121072 840995620 834746388 428934297 -1017749152 -624466439 210279949 1026812165 3 3 1330664306 2357476471 -2146655622
113236561 -1458654308 -1347327539 88634780 2142544432 2063390636 716063097 -604479189 0 0 -271614906 -876094095 -513172472
91196934 116698028 60499370 272082269 -551809776 -819222451 -758723081 1879500583 1 1 -1617910814 261589769 -581875970
3975071 886733032 887545719 27710407 2035236432 2028596631 2916142350 -57846794 2 2 1660011140 1602164346 -223356044
61040690 -728140560 -684057406 514116519 1188062704 1484041815 799984409 77435120 3 3 1191719739 1269154859 1678446386
59379051 1075267812 1134380431 436255303 337303232 236612743 1370993174 566108149 0 0 1232444169 1798552318 981731560
24990513 -1531399872 -1513758095 220579210 -89759168 -142366774 -1656124869 -1735007844 1 1 499844375 -1235163469 724135048
131693046 1686860392 1666321310 52714387 -1292637168 -1311262845 355058465 -392621738 2 2 -1639313504 -2031935242 -1815419945
132630657 734589612 741292589 291391381 -812580240 -556841499 184451090 2068443495 3 3 -811850429 1256593066 1075353272
46783386 -2098121828 -2143754234 471304604 -1816709856 -1885291332 -4029045566 285704491 0 0 1628390711 1914095202 2110743200
4590842 2055460744 2059787122 466886332 -1944456016 -1748112884 311674238 790313006 1 1 983628920 1773941926 2066739672
48194037 928186104 898473741 163223543 -1094456336 -1216775161 -318301420 -1133546894 2 2 1049169886 -84377008 402626884
129303673 2033923880 2123248465 331995577 1778971232 2042702809 4165951274 1878327302 3 3 -976897470 901429832 -839522974
14570793 1896181112 1910192209 461908843 -1129688576 -1490912917 419279292 -227829151 0 3 682594372 454765221 65444633
85044039 -390575776 -307633625 122012235 592875056 605244539 297610914 335860583 1 2 -1573558045 -1237697462 -1484320024
69092210 -1565178760 -1498740982 219523619 1015473248 831737411 -667003571 1183289377 2 1 -2084016570 -900727193 309439274
40173036 -2016008244 -2051876320 473870654 -906242016 -708482786 -2760359106 -807450420 3 0 1285537154 478086734 1191658864
92120244 -316640032 -396505004 258540455 -79075104 -199201977 -595706981 1432542215 0 3 -1663982614 -231440399 776619114
8519282 578278432 586558034 18071201 66905552 49240945 635798979 649540663 1 2 272617053 922157716 319981399
74634532 710920344 774708668 290651716 -441825040 -185026892 589681776 -1531104487 2 1 -1906662257 -3437766744 271713240
13008839 182937508 169941091 274152253 -1929409024 -1666665155 -1496724064 -1399645994 3 0 416282848 -983363146 1672141846
124917361 1222254056 1336413081 38195439 -466820160 -429247697 907165384 1008485957 0 3 -584582312 423903645 794197845
93356745 1373967736 1416992689 445589675 554013664 998947659 2415940348 -95189919 1 2 -1307551426 -1402741345 1013157731
41210038 -2066258176 -2036090954 472300344 -375296560 -175647000 -2211737954 -820045569 2 1 1318721245 498675676 1636999490
28335925 -1289068288 -1298514379 496587528 1623091712 2099722504 801208125 -1025484417 3 0 906749600 -118734817 -684902622
96671879 1984333724 1938136859 62010428 -2043605472 -2054997476 -116860617 867918040 0 3 -1962531450 -1094613410 1204379497
27566013 -1023095004 -1029680999 236463737 1228896912 1193762025 164081026 1592521462 1 2 882112425 2474633887 -1699199203
96620360 -432872616 -470766576 120690458 -2069983168 -2085681318 -2556447894 396786153 2 1 -1203115772 -806329619 -1469066873
13207594 2008242884 2004538094 196975318 -1827646208 -1733439530 271098564 1942361998 3 0 422643024 2365005022 -1663058406
112419767 -1195318392 -1099726785 365299484 1724346112 1929472028 829745243 -2145715747 0 3 -452377708 -2598093455 1414583594
93449566 -254437288 -180062970 260484290 601537968 744231282 564168312 1377806121 1 2 -1304581157 73224964 637392252
111243378 1609377932 1498175742 452946244 1122035168 1478462628 2976638370 -103707876 2 1 -735179170 -838887046 2090106072
130436887 -1211694268 -1342092205 364787738 -1935790368 -1725950214 -3068042419 -2082799122 3 0 -120986898 -2203786020 897943441
7079565 508809108 507496729 15900284 -670229696 -654342852 -146846123 700330714 0 3 1055253712 1755584426 -1617208833
40659158 -776726148 -740789846 244162763 -657347328 -698610229 -1439400075 1514653536 1 2 1301093072 2815746608 232824133
11250825 -989416016 -978511559 237516205 1465455264 1500587789 522076230 1600875603 2 1 360026410 1960902013 1811856699
117661212 -1096181616 -1179990388 99962052 112998816 55145828 -1124844560 25208603 3 0 -529808486 -504599883 1561874757
108187637 -323159292 -355584783 526772184 -442504432 -84276024 -439860807 -721027074 0 3 -46347307 -767374381 931826282
54110084 -203145060 -253892840 530522628 1934559456 1825581796 1571688956 -757870312 1 2 1731522702 973652390 1738985562
51818616 1693306184 1744534832 187133546 761328048 642228186 2386763018 1997648493 2 1 1658195739 3655844232 1470422146
44363621 587627820 564302409 18363369 1239337616 1220999545 1785301954 652959348 3 0 1419635881 2072595229 299942111
56156577 1873869564 1827150685 192776151 -1312603376 -1161902905 665247780 1975975808 0 3 1484325205 3460301013 -370745103
127222785 -628999016 -585664359 517214692 713556928 878449188 292784829 -662024679 1 2 -223838148 -885862827 -633256728
28404765 1865061504 1855715485 58283172 1658337904 1637969620 3493685105 903898143 2 1 908952487 1812850630 -1137672009
93751422 -1999264884 -1924977678 340176156 756088272 961958092 -963019586 -1944081956 3 0 -1294921763 -3239003719 -127286009
10593105 253868312 260053577 276368840 1128702576 1396682680 1656736257 -380511500 0 2 1901157190 1520645690 941423675
114463528 847181320 883713312 160692144 -1524215328 -1397381552 -513668240 637929776 1 3 -382250886 255678890 -295742758
59850249 -1093510600 -1119656911 368480977 578556416 931823825 -187833086 -986897860 2 0 1915207968 928310108 -1013381538
8504863 1090468212 1082064747 34077131 59522560 25937867 1108002614 2057730799 3 1 272155616 2329886415 -925500935
63198340 963285564 984532664 298538129 -2002188176 -1721606943 -737074279 -456978371 0 2 502243814 45265443 -693923398
121051904 1665131392 1678309504 52035356 1849033072 1831861868 3510171372 1918258258 1 3 -712616589 1205641669 -1763420375
19527645 -1190446864 -1205678291 499669447 1408220032 1311236679 105558388 -2065991026 2 0 624884664 -1441106362 -1403992270
103351808 -935238408 -832019720 373426983 1376518432 1145965063 313945343 -662049396 3 1 -987709422 -1649758818 -1893940895
65731708 979917684 964863752 164840155 -705103408 -601113845 363749907 604217967 0 2 406503164 1010721131 697303928
115147493 -667968896 -554526619 113343700 -1174025376 -1127958604 -1682485223 1553093138 1 3 -389715502 1163377636 -555684867
23844886 -510901368 -521692258 386687516 -676319840 -1061400644 -1583092902 -755325872 2 0 763036378 7710506 -1579791248
113185176 -766517596 -722415812 110264053 2116235520 2024886261 1302470449 1577730843 3 1 -673041648 904689195 2018404634
25529295 -517495792 -526241825 386481440 186097600 471769824 -54472001 -758096458 0 2 1439975581 681879123 -731613972
4703076 1690572096 1686361636 52830378 -1886992048 -1935611398 -249249762 1940435426 1 3 1000167921 2940603347 1583533005
11888038 1504828352 1493483110 449679070 1791708432 1879491534 3372974644 -1124744638 2 0 380417233 -744327405 447345959
27187155 -923357332 -915900225 373798267 1034921840 736629259 -179270966 -660332695 3 1 869988983 209656288 -114322646
108847184 1354250616 1455741224 444973515 -104816224 -481992597 973748627 -1095255316 0 2 -1426506885 -2521762201 1404751860
3130334 -483947592 -485996442 521747549 1602731248 1084129453 598133011 -1840228772 1 3 916278955 -923949817 -347378668
100387795 906184400 871927043 28318262 -141056224 -165167850 706759193 1729717510 2 0 -1082557838 647159672 213030241
2876354 909404992 908036226 162636634 1472693488 1584801706 2492837932 655666786 3 1 92043343 747710129 -1207658851
103557954 1440105640 1408921578 45003301 1482065168 1526216501 2935138079 2146182552 0 2 -1595909840 550272712 -1908483625
115236773 -2119233944 -2022616627 470644851 -1128314256 -1598934525 -3621551152 -1963821272 1 3 -391200317 -2355021589 1535294267
59228771 963115716 987773095 432750550 260359760 374339974 1362113069 -1530902013 2 0 1895320677 364418664 1149805637
19374910 -1663843784 -1644928762 216440337 1330019824 1134617569 -510311193 229459004 3 1 619997151 849456155 -751507204
84703037 -1957151636 -1907078319 207274467 418282192 347388723 -1559689596 139443113 0 2 -991177012 -851733899 1848808689
111885355 1383576228 1423740559 177454485 1450727408 1558964837 2982705396 1040472091 1 3 -436031461 604440630 -1781567294
130362366 -1401892668 -1414137030 224626310 -1973944880 -2026603690 -3440740720 25526403 2 0 -123371555 -97845152 -926845200
15399708 -895352592 -901186580 508891143 -705283696 -878499433 -1779686013 -1741605746 3 1 492790681 -1248815065 545045924
73189262 -659157348 -588592878 113619060 -1181803184 -1085625052 -1674217930 1555314453 0 2 -285359948 1269954505 -679181825
105998353 -884719756 -854239387 375005691 -1563417680 -1266023861 -2120263248 -666322065 1 3 -112707745 -779029810 1343204222
70379897 1355917468 1423983077 42372420 1674768976 1632927508 3056910585 2125323925 2 0 -2042810587 82513338 -1293955773
53315305 1766429816 1784943249 457854115 1527632384 1078435491 2863378740 -1328819796 3 1 1706089760 377269964 -1126752264
109599824 -929102720 -837330736 239400996 280535536 519854548 -317476188 -718313211 0 1 -479532756 -1197845967 1435099285
25092653 1088622464 1100869037 34019452 -37463248 -3980468 1096888569 -1221563451 1 0 1253668050 32104599 1082708078
93684876 -500547044 -406862192 252793360 722016480 605571824 198709632 -545113950 2 3 -2116705046 -2661818996 1787808780
64373887 -1685225380 -1738816477 484207618 -1400308032 -1336634686 -3075451163 1105971250 3 2 2059964396 3165935646 -201060613
56915196 -1795428640 -1751148004 78110583 -924190688 -867293353 -2618441357 -2110368867 0 1 1592786097 -517582770 -2100588227
55408522 344129608 399407042 413407234 -1695607488 -2109010622 -1709603580 1646815287 1 0 214679605 1861494892 -185750168
13722953 -176275852 -173057219 262926835 -1563782656 -1386126349 -1559183568 -631822408 2 3 692689988 60867580 -1599046452
53381606 1853977304 1840249662 460589974 1561578976 1181206134 3021455796 2091447443 3 2 1708211422 3799658865 1450045637
111045635 -1242821784 -1284348053 95379547 1020790304 964126331 -320221722 -1972131073 0 1 -508763311 -2480894384 -2134293578
48450819 1602800704 1567326531 452740706 -962984256 -597278558 970047973 1894423349 1 0 957124877 2851548226 -1876496985
99422084 -1027217424 -953620364 102117183 -635500528 -603379921 -1557000285 -1749429799 2 3 -1899706907 -3649136706 -2058577891
48854617 601993812 554222605 18812306 -756239664 -739000510 -184777905 -1343175504 3 2 1563347757 220172253 -102560622
22324276 1521668932 1541830512 47552154 -1454872352 -1415709062 126121450 -1314644748 0 1 418768317 -895876431 -853641381
112244511 -815011364 -908370237 108748622 1634615040 1729454158 821083921 -1798155694 1 0 -1284255087 -3082410781 2025233394
75176582 1047537768 973812462 435388739 -164295632 -272200333 701612129 1754571327 2 3 -1140431449 614139878 223004551
34156047 400682812 367575347 12521337 308027360 316870809 684446156 -1561275414 3 2 1092993534 -468281880 -857914332
82037361 -35264056 -117038151 401551182 -946543648 -797193042 -914231193 410112599 0 1 -1374147315 -964034716 252186371
11011158 368173372 358212970 11505417 1342745888 1353130537 1711343507 -1569402774 1 0 1885715379 316312605 1960545166
27437104 370516292 397871476 414231818 1162895360 1575013642 1972885118 1653457012 2 3 120599396 1774056408 472524198
17642735 1865405084 1847780979 460947092 443146064 17867204 1865648183 2093177986 3 2 564567541 2657745527 -245730752
95878868 -1008651884 -967323840 236915084 1845340432 1675796636 708472796 -672078784 0 1 -2067875422 -2739954206 1989538366
43192119 -1814978692 -1857908661 77499643 639528528 578871979 -1279036682 -2080583686 1 0 923064196 -1157519490 146986376
63822095 -2042913100 -2047457349 338812149 -1682825520 -1887190491 -3934647840 109465480 2 3 1256068233 1365533713 1142844913
55088814 1436423676 1456898898 447541423 -1859298048 -1954435665 -497536767 1919888730 3 2 1762842064 3682730794 970601003
115034318 -493486220 -464603206 521449467 -1231970944 -1450888581 -1915491787 1605228536 0 1 -385320213 1219908323 -983189290
81160690 1971162724 1907091350 61598835 -1395399344 -1351087837 556003513 -1168651332 1 0 -5763276 -1174414608 -1730401719
76287313 778291028 720357893 292757050 404398688 157924442 878282335 747657712 2 3 -1562075326 -814417614 -80904339
12871448 682887404 678457332 423993415 -1999753120 -1853124569 -1174667237 1831184926 3 2 411886342 2243071268 1011780927
104807416 418692244 516654956 281519588 2121789760 1857049764 2373704720 557156096 0 1 -175760345 381395751 -1681883337
53439499 -1765575552 -1779689333 213261220 1591220000 1382943876 -396745457 -1028098811 1 0 8957971 -1019140840 723189783
92979577 1143875708 1101326597 438399299 360903616 262374019 1363700616 1979916858 2 3 -2109924776 -130007918 -1459071206
7719329 -1083107636 -1090199699 100370614 -342670432 -295122154 -1385321853 -1999311466 3 2 247018554 -1752292912 987990867
Uint32Array(32) [802964915, 2997916046, 2059964396, 1821286274, 1773072724, 439134496, 1708211422, 3553460322, 1550426220, 3181506689, 1563347757, 714376846, 3591824368, 2405650627, 1092993534, 2625195582, 352357074, 877987328, 564567541, 3068123793, 1382147813, 2042307053, 1762842064, 3681098200, 2597142101, 2441194022, 411886342, 3353837332, 1710063986, 2975346492, 247018554, 200217970, buffer: ArrayBuffer(128), byteLength: 128, byteOffset: 0, length: 32, Symbol(Symbol.toStringTag): 'Uint32Array']
